4294967230 4294967187 44
91 86 4294967294
4294967265 92 104
4294967220 4294967244 4294967188
65 109 70
4294967244 4294967222 23
4294967289 52 6
4294967272 63 4294967219
4294967232 61 4294967189
40 4294967211 7
4294967187 31 4294967208
4294967266 127 104
99 78 88
4294967193 15 4294967261
86 122 4294967200
4294967248 4294967285 4294967179
41 4294967241 45
97 90 4294967228
30 4294967210 98
4294967289 121 107
54 4294967195 4294967281
24 95 4294967218
2 64 4294967285
4294967215 4294967172 4294967188
4294967291 126 58
4294967204 4294967259 43
4294967282 4294967269 25
104 4294967251 4294967214
4294967295 4294967217 4294967294
30 4294967191 86
0 42 49
25 74 4294967235
4294967241 105 91
39 4294967239 51
4294967222 65 31
4294967221 1 18
27 54 4294967196
101 4294967208 95
4294967264 95 4294967262
98 43 6
4294967222 12 4294967255
4294967179 4294967252 113
8 4294967284 39
70 4294967278 4294967274
4294967209 110 52
4294967182 4294967277 4294967272
80 4294967221 110
4294967171 101 4294967219
109 49 4294967214
21 67 127
