2876546602 3696678232 1404521822
4070797202 214991660 1884735107
4072171421 215798297 1886455680
4071182738 215592951 1884700606
2909921528 1755399450 3661916718
4248300627 1529580010 2704587187
1366089358 219462715 3568227648
4280672790 3881643233 665889667
1366805412 223458617 3569530465
4281059073 3882245030 665855872
4070796743 214991346 1884734762
1365820864 220413047 3568086643
171663676 3703610607 3088635899
479271 4294260265 1044891
4294447571 4292614009 4294881207
4248057042 1527739400 2704024818
4281396988 3882777912 667498114
2704601953 4287566705 2611343218
4247673935 1527115786 2704052546
2691420597 3875957602 3278801061
1319661852 1750928036 1978423985
1542588235 1532448624 91994667
4248060071 1527717826 2704018503
1147864201 2340532969 3184635158
1319433505 1750484249 1977223840
1333913666 2164009548 1313174974
4247579168 1525628034 2703297673
4248676263 1528740631 2705176954
4072082740 214267071 1885687986
1543698229 1534184802 93568913
2704857550 4286395577 2611183251
1332428960 2163113334 1311011561
2737561656 2346862884 573815416
2691688668 3875006721 3278941662
4248316737 1528182405 2704275610
2691101366 3874004877 3276840402
4281772122 3881938281 668087509
2922787784 2170556417 2994647835
2738459518 2348354795 574484304
1365806156 221812003 3568399426
1333190091 2162875340 1311567105
1148472851 2340093317 3186411587
1366188872 222435108 3568371567
4071429274 214616597 1885581895
2922790440 2170534831 2994641236
1148202203 2341066047 3186277567
2704096093 4286633085 2610627481
2923304435 2168607349 2995662585
1542924226 1535799284 93318686
2704945815 4287926190 2611950450
