4294967287 4294967284 4294967232
4294967194 4294967142 107
4294967221 4294967160 4294967287
112 41 57
48 4294967295 4294967212
130 4294967250 4294967257
4294967210 4294967231 62
4294967196 4294967168 60
189 23 89
4294967149 144 4294967213
182 4294967218 3
4294967205 4294967273 9
4294967221 36 35
119 4294967279 4294967279
4294967145 4294967141 55
4294967265 96 153
4294967178 168 4294967171
4294967142 4294967285 188
4294967188 180 4294967268
23 4294967054 4294967270
4294967190 4294967291 4294967187
4294967279 4294967137 125
4294967263 4294967120 4294967227
43 164 176
4294967191 4294967277 4294967291
194 120 4294967204
4294967183 44 4294967211
4294967090 4294967250 204
61 127 4294967209
4294967145 44 4294967148
4294967169 58 4294967147
4294967245 4294967117 15
148 4294967192 4294967174
4294967190 98 4294967181
67 4294967290 4294967293
201 126 4294967230
80 4294967286 3
4294967214 4294967288 4294967158
4294967263 4294967120 145
4294967085 4294967250 64
169 4294967170 50
138 4294967261 4294967074
5 4294967254 31
4294967103 125 51
188 4294967200 4294967249
4294967288 137 4294967276
4294967138 151 4294967209
173 4 99
4294967202 4294967239 4294967254
4294967257 45 4294967273
