1418420619 598288943 2890445454
224170083 4079975568 2410232294
222792949 4079190763 2408518291
223784594 4079374334 2410266639
1385045881 2539567954 633050564
46666747 2765387166 1590380093
2928877845 4075504568 726739716
14294382 413323998 3629077612
2928162009 4071508763 725436813
13908116 412722325 3629111348
224170626 4079975903 2410232449
2929146311 4074554353 726880766
2751652270 2761406027 4201371054
4294488041 707029 4293922353
519660 2353254 86048
47285361 2766388279 1591532092
13570231 412189497 3627469102
1590365286 7400670 1683624198
47293283 2767851604 1590914820
1603546715 419009573 1016166316
2975305392 2544039154 2316543187
2752271548 2762407248 4202523396
46907194 2767249358 1590948713
3147103057 1954434367 1110332206
2975533681 2544483154 2317743509
1417835237 596066208 2889268702
47388001 2769339279 1591669563
46290931 2766226574 1589790464
222884616 4080700273 2409279221
12900862 413936915 3627674926
1590109619 8571819 1683783945
2962538310 2131853857 2983955689
1557405733 1948104413 3721151849
1603278561 419960616 1016025570
46650552 2766784950 1590691714
1603249656 419939322 1016968014
13195281 413029059 3626879690
1372179531 2124410783 1300319418
1556507713 1946612420 3720483103
2929161027 4073155290 726567940
2962163336 2132693604 2983366138
3146494466 1954873900 1108555600
2928778437 4072532134 726595799
223446010 4078841201 2408624064
2962153227 2131252892 2983990403
3146764971 1953901367 1108689685
1590871125 8334287 1684339838
1371662909 2126360052 1299304733
2752043085 2759168004 4201648486
1590021463 7041218 1683016950
